55
182.000000 112.000000
257.000000 86.000000
201.000000 183.000000
287.000000 99.000000
200.000000 253.000000
187.000000 193.000000
156.000000 82.000000
232.000000 457.000000
265.000000 243.000000
178.000000 167.000000
166.000000 209.000000
223.000000 456.000000
217.000000 257.000000
181.000000 325.000000
194.000000 205.000000
199.000000 124.000000
149.000000 48.000000
184.000000 202.000000
196.000000 247.000000
190.000000 185.000000
311.000000 73.000000
196.000000 379.000000
285.000000 49.000000
217.000000 438.000000
250.000000 313.000000
181.000000 321.000000
131.000000 29.000000
211.000000 387.000000
205.000000 380.000000
299.000000 75.000000
264.000000 352.000000
219.000000 398.000000
239.000000 366.000000
169.000000 280.000000
238.000000 42.000000
249.000000 277.000000
187.000000 228.000000
211.000000 401.000000
194.000000 13.000000
221.000000 442.000000
320.000000 471.000000
296.000000 32.000000
236.000000 157.000000
197.000000 296.000000
205.000000 199.000000
190.000000 38.000000
253.000000 253.000000
212.000000 37.000000
209.000000 20.000000
180.000000 296.000000
215.000000 180.000000
208.000000 129.000000
246.000000 190.000000
246.000000 184.000000
166.000000 270.000000
