55
189.000000 123.000000
263.000000 83.000000
205.000000 196.000000
292.000000 105.000000
202.000000 269.000000
191.000000 206.000000
165.000000 94.000000
228.000000 487.000000
267.000000 259.000000
183.000000 179.000000
170.000000 230.000000
219.000000 486.000000
219.000000 274.000000
181.000000 346.000000
198.000000 219.000000
206.000000 135.000000
160.000000 53.000000
188.000000 215.000000
199.000000 263.000000
194.000000 198.000000
316.000000 70.000000
195.000000 403.000000
291.000000 46.000000
214.000000 468.000000
251.000000 334.000000
181.000000 341.000000
142.000000 32.000000
209.000000 411.000000
203.000000 404.000000
304.000000 72.000000
263.000000 374.000000
217.000000 429.000000
237.000000 389.000000
171.000000 299.000000
246.000000 47.000000
250.000000 295.000000
190.000000 244.000000
208.000000 433.000000
204.000000 17.000000
218.000000 473.000000
314.000000 470.000000
302.000000 32.000000
241.000000 169.000000
198.000000 314.000000
209.000000 212.000000
198.000000 43.000000
255.000000 270.000000
220.000000 42.000000
218.000000 24.000000
180.000000 314.000000
219.000000 188.000000
214.000000 140.000000
250.000000 204.000000
250.000000 198.000000
167.000000 286.000000
