55
193.000000 118.000000
266.000000 83.000000
212.000000 190.000000
296.000000 101.000000
211.000000 262.000000
198.000000 200.000000
167.000000 89.000000
245.000000 474.000000
276.000000 251.000000
189.000000 174.000000
178.000000 221.000000
236.000000 472.000000
228.000000 266.000000
193.000000 337.000000
205.000000 213.000000
210.000000 130.000000
160.000000 51.000000
195.000000 209.000000
208.000000 256.000000
201.000000 192.000000
319.000000 70.000000
209.000000 392.000000
293.000000 46.000000
230.000000 454.000000
262.000000 324.000000
193.000000 332.000000
141.000000 31.000000
223.000000 400.000000
217.000000 393.000000
307.000000 72.000000
276.000000 364.000000
232.000000 415.000000
251.000000 378.000000
181.000000 291.000000
247.000000 44.000000
260.000000 286.000000
199.000000 237.000000
223.000000 419.000000
205.000000 24.000000
234.000000 459.000000
331.000000 469.000000
304.000000 30.000000
246.000000 163.000000
209.000000 306.000000
216.000000 206.000000
200.000000 41.000000
264.000000 262.000000
221.000000 39.000000
218.000000 22.000000
191.000000 306.000000
225.000000 182.000000
218.000000 135.000000
257.000000 197.000000
257.000000 191.000000
177.000000 279.000000
