25
221.000000 209.250000
180.000000 348.000000
172.000000 5.000000
392.000000 202.000000
360.000000 54.000000
248.000000 97.000000
474.000000 340.000000
309.000000 66.000000
309.000000 62.000000
286.000000 84.000000
249.000000 301.000000
217.000000 169.000000
460.000000 322.000000
169.000000 7.000000
220.000000 180.000000
174.000000 281.000000
246.000000 85.000000
288.000000 97.000000
207.000000 77.000000
213.000000 146.000000
201.000000 361.000000
213.000000 101.000000
221.000000 17.000000
198.000000 20.000000
189.000000 147.000000

