25
61.000000 244.000000
12.000000 379.000000
36.000000 38.000000
232.000000 244.000000
219.000000 93.000000
100.000000 133.000000
309.000000 378.000000
164.000000 105.000000
164.000000 101.000000
138.000000 122.000000
83.000000 336.000000
61.000000 204.000000
295.000000 361.000000
32.000000 39.000000
63.000000 215.000000
10.000000 313.000000
99.000000 121.000000
140.000000 135.000000
62.000000 111.000000
59.000000 181.000000
32.000000 393.000000
65.000000 136.000000
83.000000 53.000000
59.000000 54.000000
35.000000 180.000000
