73
1 7.350283  0.041754  17.694704
2 24.009357  -7.586992  -1.045235
3 11.661233  0.035217  8.270747
4 14.862120  -0.408059  13.128915
5 1.749315  -0.113875  8.137265
6 1.673185  -0.084461  10.635311
7 1.787387  -0.011699  3.353251
8 7.681087  -0.000087  10.675481
9 7.883023  0.012344  3.397159
10 7.703116  -0.042876  5.937919
11 6.800000  18.299999  23.799999
12 14.946423  -1.401648  -0.173664
13 -2.143322  -14.099288  -0.362181
14 20.906713  -3.831820  -1.002890
15 17.299999  -6.000000  -0.600000
16 15.051023  -1.377533  -0.884275
17 -1.100000  -0.400000  12.899999
18 5.696320  -0.016250  5.975296
19 17.207104  -15.988482  -0.607570
20 20.268684  -12.015057  -0.818954
21 19.617548  -8.324930  -0.853434
22 1.269658  -17.961672  -0.456911
23 2.529447  -8.469601  -0.445230
24 6.622636  -0.266203  24.064711
25 13.726803  0.195923  -0.073740
26 11.783736  -0.054024  3.490465
27 11.650125  0.059737  10.784733
28 5.660286  -0.022587  10.706163
29 5.744085  0.026179  8.192137
30 5.729847  -0.019446  3.366845
31 -1.481960  -1.479734  -0.739184
32 0.000000  0.000000  0.000000
33 11.697357  0.015418  6.055856
34 1.756178  -0.073947  5.912753
35 21.051399  -3.744639  3.786244
36 13.485796  0.018441  14.480037
37 -3.631685  -6.026724  -0.332447
38 7.757523  -0.133823  8.250594
39 3.874523  9.623726  20.466398
40 -0.067901  1.301089  7.925891
41 -1.782568  24.767756  10.643806
42 0.009283  10.372280  10.144124
43 0.009567  15.717513  10.276291
44 0.163128  10.172441  10.338381
45 -0.144143  7.256681  7.864195
46 0.077963  1.373727  10.410329
47 0.000153  7.245111  10.328783
48 0.022625  1.729546  10.162587
49 -0.163368  1.635625  8.275087
50 0.044183  6.940978  8.087925
51 0.086293  6.921210  10.065583
52 0.133708  10.130874  7.752807
53 25.800045  -8.279940  10.350155
54 0.025955  9.735621  7.543143
55 -0.034436  4.834490  6.566942
56 -0.113869  8.022917  6.043309
57 0.114903  10.275276  5.658607
58 0.077314  7.347308  5.800097
59 -0.103561  1.458925  5.881730
60 24.667374  -6.850231  3.924616
61 -10.714375  -2.894320  1.843557
62 -12.517629  -4.227698  1.809004
63 -1.486694  -0.299221  13.298292
64 0.218388  15.816186  5.643059
65 -3.988325  21.986702  -0.509348
66 -1.340412  19.073458  -0.879326
67 0.000000  17.799999  0.000000
68 -1.089927  18.118288  12.933174
69 0.385599  17.654097  12.235053
70 6.345432  -0.776849  23.376717
71 0.013986  7.329312  3.315417
72 0.047043  1.533210  3.340395
73 0.169766  15.820648  7.664348

